0.0000000e+000  1.1000000e+001  3.0500000e+001
1.0000000e-002  1.0700000e+001  3.0448990e+001
2.0000000e-002  1.0400001e+001  3.0395980e+001
3.0000000e-002  1.0100001e+001  3.0340970e+001
4.0000000e-002  9.8000025e+000  3.0283960e+001
5.0000000e-002  9.5000038e+000  3.0224951e+001
6.0000000e-002  9.2000055e+000  3.0163941e+001
7.0000000e-002  8.9000075e+000  3.0100931e+001
8.0000000e-002  8.6000098e+000  3.0035922e+001
9.0000000e-002  8.3000124e+000  2.9968912e+001
1.0000000e-001  8.0000153e+000  2.9899903e+001
1.1000000e-001  7.7000186e+000  2.9828894e+001
1.2000000e-001  7.4000221e+000  2.9755884e+001
1.3000000e-001  7.1000259e+000  2.9680875e+001
1.4000000e-001  6.8000301e+000  2.9603866e+001
1.5000000e-001  6.5000345e+000  2.9524857e+001
1.6000000e-001  6.2000393e+000  2.9443848e+001
1.7000000e-001  5.9000443e+000  2.9360839e+001
1.8000000e-001  5.6000497e+000  2.9275830e+001
1.9000000e-001  5.3000554e+000  2.9188822e+001
2.0000000e-001  5.0000614e+000  2.9099813e+001
2.1000000e-001  4.7000676e+000  2.9008804e+001
2.2000000e-001  4.4000742e+000  2.8915796e+001
2.3000000e-001  4.1000811e+000  2.8820788e+001
2.4000000e-001  3.8000883e+000  2.8723779e+001
2.5000000e-001  3.5000959e+000  2.8624771e+001
2.6000000e-001  3.2001037e+000  2.8523763e+001
2.7000000e-001  2.9001118e+000  2.8420755e+001
2.8000000e-001  2.6001202e+000  2.8315748e+001
2.9000000e-001  2.3001290e+000  2.8208740e+001
3.0000000e-001  2.0001380e+000  2.8099732e+001
3.1000000e-001  1.7001474e+000  2.7988725e+001
3.2000000e-001  1.4001570e+000  2.7875717e+001
3.3000000e-001  1.1001670e+000  2.7760710e+001
3.4000000e-001  8.0017727e-001  2.7643703e+001
3.5000000e-001  5.0018785e-001  2.7524696e+001
3.6000000e-001  2.0019874e-001  2.7403689e+001
